			lt	en	fi	it	sk	nl	el	hu	pt	pl	cs	sl	et	bg	es	da	fr	de	ro	sv	lv	
lt	97			0			0			0			0			0			0			0			0	10			0			1			0			0			0			0			1			1		00			
en	0			93			0			0			0			0			0			0			0	00			1			7			0			0			0			0			0			0		00			
fi	0			0			91			0			0			0			0			0			0	10			0			5			0			0			0			0			0			4		00			
it	0			0			0			99			0			0			0			0			0	10			0			0			0			0			0			0			0			1		00			
sk	0			0			0			0			98			0			0			0			0	11			0			0			0			0			0			0			1			0		00			
nl	0			0			0			0			0			96			0			1			0	11			0			1			0			0			0			0			0			1		00			
el	0			0			0			0			0			0			98			0			0	10			0			1			0			0			0			0			0			1		00			
hu	0			0			0			0			0			0			0			98			0	10			0			1			0			0			0			0			1			0		00			
pt	0			0			0			0			0			0			0			0			97	10			1			0			0			0			0			0			0			2		00			
pl	0			0			0			0			0			0			0			0			0	98			0			0			1			0			0			0			0			1		10			0			
cs	0			0			0			0			0			0			0			0			0	197			0			1			0			0			0			0			1			1		00			
sl	0			0			0			1			0			0			0			0			0	10			95			1			0			0			0			0			1			2		00			
et	0			0			0			0			0			0			0			0			0	10			0			97			0			0			0			0			1			2		00			
bg	0			0			0			0			0			0			0			0			0	10			0			1			94			1			0			1			2			1		00			
es	0			0			0			0			0			0			0			0			0	10			0			0			0			97			0			0			0			3		00			
da	0			0			0			0			0			0			0			0			0	10			1			2			0			0			87			0			1			9		00			
fr	0			0			0			0			0			0			0			0			0	10			0			2			0			0			0			92			0			6		00			
de	0			0			0			0			0			0			0			0			0	10			0			2			0			0			0			0			98			0		00			
ro	0			0			0			0			0			0			0			0			0	10			0			1			0			0			0			1			2			96		00			
sv	0			0			0			0			0			0			0			0			0	10			0			2			0			0			0			0			0			9		89			0			
lv	0			0			1			1			0			0			0			0			0	10			0			0			0			0			0			0			1			1		096		
